0 0.205294508413462 0.263818335336538 0.108853411057692 0.101294146634615
1 0.182616713942308 0.576015965144231 0.166303822115385 0.377963233173077
0 0.405615022836538 0.323536526442308 0.0831519110576923 0.0937348798076923
1 0.382181300480769 0.61003265625 0.133043057692308 0.337143201923077
0 0.574186623798077 0.309929849759615 0.0937348822115385 0.117924526442308
1 0.537902152644231 0.613812288461538 0.19049346875 0.3809869375
0 0.698158563701923 0.266842040865385 0.111877117788462 0.110365264423077
1 0.703450049278846 0.602473391826923 0.16479196875 0.424830673076923
0 0.856147193509615 0.165547895432692 0.149673439903846 0.119436382211538
1 0.860728108173077 0.652364538461539 0.273736091346154 0.672774552884615
