0 0.248291605769231 0.309173923076923 0.0483792932692307 0.0287252067307692
3 0.261898282451923 0.442216980769231 0.108853411057692 0.146649735576923
2 0.412327649038462 0.331095790865385 0.0619859711538461 0.0272133509615385
3 0.401744677884615 0.464138848557692 0.110365264423077 0.154209
0 0.547638486778846 0.363600629807692 0.0574504110576922 0.0408200288461538
3 0.560489235576923 0.470186260817308 0.107341557692308 0.126995646634615
2 0.661783381009615 0.326560231971154 0.0529148533653846 0.0302370600961538
3 0.683705248798077 0.451288098557692 0.111877117788462 0.134554908653846
2 0.745691219951923 0.305394290865385 0.0423318822115385 0.0302370576923077
3 0.763833454326923 0.436925496394231 0.0755926442307692 0.13909046875
